#RifA	GCA_000282715.1_ASM28271v1|BUPY_000632	100.000	4735	0	0	1	4735	1	4735	0.0	9315	100
#RifB	GCA_000282715.1_ASM28271v1|BUPY_000633	99.960	5060	2	0	1	5060	1	5060	0.0	9888	100
#RifC	GCA_000282715.1_ASM28271v1|BUPY_000634	100.000	1763	0	0	1	1763	1	1763	0.0	3431	100
#RifD	GCA_000282715.1_ASM28271v1|BUPY_000635	100.000	1728	0	0	1	1728	1	1728	0.0	3374	100
#RifE	GCA_000282715.1_ASM28271v1|BUPY_000636	100.000	3413	0	0	1	3413	1	3413	0.0	6645	100
RifG	GCA_000282715.1_ASM28271v1|BUPY_000639	99.715	351	1	0	1	351	1	351	0.0	689	100
RifH	GCA_000282715.1_ASM28271v1|BUPY_000640	97.732	441	10	0	1	441	1	441	0.0	861	100
RifI	GCA_000282715.1_ASM28271v1|BUPY_000641	100.000	263	0	0	1	263	1	263	0.0	514	100
RifK	GCA_000282715.1_ASM28271v1|BUPY_000642	99.485	388	2	0	1	388	1	388	0.0	786	100
RifL	GCA_000282715.1_ASM28271v1|BUPY_000643	100.000	358	0	0	1	358	1	358	0.0	707	100
RifM	GCA_000282715.1_ASM28271v1|BUPY_000644	100.000	232	0	0	1	232	1	232	1.47e-164	451	100
RifN	GCA_000282715.1_ASM28271v1|BUPY_000645	100.000	235	0	0	1	235	69	303	2.61e-164	454	100
RifJ	GCA_000282715.1_ASM28271v1|BUPY_000669	99.338	151	1	0	13	163	1	151	3.58e-107	300	93
