#RifA	GCA_000384275.1_ASM38427v1|AXGX_005043	72.158	3193	748	36	1	3061	1	3184	0.0	4269	65
#RifB	GCA_000384275.1_ASM38427v1|AXGX_005044	73.137	5219	1203	56	1	5033	1	5206	0.0	6924	99
#RifC	GCA_000384275.1_ASM38427v1|AXGX_005045	71.163	1831	453	19	2	1760	1	1828	0.0	2325	99
#RifD	GCA_000384275.1_ASM38427v1|AXGX_005046	69.454	1794	477	18	1	1728	1	1789	0.0	2249	100
#RifE	GCA_000384275.1_ASM38427v1|AXGX_005047	72.654	3485	867	35	1	3409	1	3475	0.0	4600	99
RifG	GCA_000384275.1_ASM38427v1|AXGX_005050	80.233	344	68	0	1	344	1	344	0.0	538	98
RifH	GCA_000384275.1_ASM38427v1|AXGX_005051	66.667	432	108	1	9	440	15	410	0.0	554	98
RifI	GCA_000384275.1_ASM38427v1|AXGX_005071	55.000	260	117	0	3	262	11	270	1.55e-76	231	99
RifK	GCA_000384275.1_ASM38427v1|AXGX_005052	86.856	388	51	0	1	388	1	388	0.0	690	100
RifL	GCA_000384275.1_ASM38427v1|AXGX_005053	79.609	358	72	1	1	358	1	357	0.0	563	100
RifM	GCA_000384275.1_ASM38427v1|AXGX_005054	83.190	232	35	1	1	232	1	228	2.41e-136	379	100
RifN	GCA_000384275.1_ASM38427v1|AXGX_005072	53.982	226	102	1	1	226	73	296	7.14e-63	196	96
RifJ	GCA_000384275.1_ASM38427v1|AXGX_005074	77.857	140	30	1	13	152	1	139	2.25e-75	219	86
