#RifA	BXKM_001034	72.293	2678	600	35	522	3061	974	3647	0.0	3414	54
#RifB	BXKM_001033	74.603	5166	1138	58	1	5001	1	5157	0.0	6912	99
#RifC	BXKM_001032	74.931	1823	394	21	1	1763	1	1820	0.0	2508	100
#RifD	BXKM_001031	71.700	1788	429	30	1	1727	1	1772	0.0	2289	99
#RifE	BXKM_001030	69.603	3497	953	44	1	3409	1	3475	0.0	4276	99
RifG	BXKM_001028	85.044	341	51	0	4	344	19	359	0.0	555	97
RifH	BXKM_001027	67.916	427	102	2	15	441	14	405	0.0	542	97
RifI	BXKM_001026	77.395	261	59	0	2	262	6	266	3.71e-121	344	99
RifK	BXKM_001025	85.052	388	56	1	1	388	1	386	0.0	669	100
RifL	BXKM_001024	75.350	357	88	0	1	357	1	357	0.0	509	99
RifM	BXKM_001023	83.190	232	39	0	1	232	1	232	2.59e-134	375	100
RifN	BXKM_001022	71.304	230	66	0	1	230	70	299	7.38e-100	290	98
RifJ	BXKM_001010	81.046	153	29	0	7	159	16	168	1.97e-87	251	94
